5.547481 17.22096 18.0 19.0 20.0 23.0 27.0 30.0 35.0 40.0 50.0 60.0 70.0 80.0 90.0 100.0 110.0 120.0 130.0 140.0 150.0
0.0 0.0 0.0003319869 0.003091196 0.008178294 0.02858421 0.07244691 0.1087866 0.1732149 0.2215634 0.3313501 0.4381908 0.5430211 0.6370655 0.7258456 0.8065081 0.8777797 0.9296323 0.994585 1.044785 1.091865
0.0 0.1
0.9999999999999999 0.9999999999999999
0.0 0.0
0.0 0.1
0.9999999999999999 0.9999999999999999
0.0 0.0
0.0 0.35277640000000005 0.5879605999999999 0.8231448
0.3060622675404751 0.853815867582735 1.0 1.0
0.5746 0.5746 0.5746 0.5746
0.0 0.35277640000000005 0.5879605999999999 0.8231448 1.058329 1.293513 1.528698 1.763882
0.020689579855969645 0.06874957396729381 0.12143566516622603 0.5331610860840448 0.7688002199251313 0.9477280755006265 1.0 1.0
0.09093 0.09093 0.09093 0.09093 0.09093 0.09093 0.09093 0.09093
0.0 0.35277640000000005 0.5879605999999999 0.8231448 1.058329 1.293513 1.528698 1.763882 1.999066 2.23425 2.469434 2.704619
0.010774424606090424 0.045168594927638514 0.09358061010947975 0.14432391606139097 0.18917183112005193 0.2274339886683549 0.2581850605152566 0.7242885754335976 0.862762092539233 0.9976446959537256 1.0 1.0
0.02884 0.02884 0.02884 0.02884 0.02884 0.02884 0.02884 0.02884 0.02884 0.02884 0.02884 0.02884
0.0 0.7055526999999999 1.175921 1.64629 2.116658 2.587027 3.057395 3.527764 3.998132 4.4685 4.938869 5.409237
0.04349243740065881 0.14348366640547777 0.4346119137312515 0.5041316456642018 0.5753374567849753 0.6432099898442986 0.7031608391100773 0.739938876935694 0.954087610512403 0.996735263751282 1.0 1.0
0.4804 0.4804 0.4804 0.4804 0.4804 0.4804 0.4804 0.4804 0.4804 0.4804 0.4804 0.4804
0.0 0.7055526999999999 1.175921 1.64629 2.116658 2.587027 3.057395 3.527764 3.998132 4.4685 4.938869 5.409237 5.879606 6.349974 6.820343 7.290711 7.76108 8.231448 8.701817
0.02772497553074313 0.08933946056759631 0.16316883679629451 0.24092863659616548 0.3174495742114175 0.39259058588263473 0.4671327680653517 0.5629623680951855 0.62164398592309 0.6834110277437063 0.8589713143378245 0.8749745257234565 0.8867050503190763 0.8943619511214903 0.8984291159303907 0.9002331902688497 0.9845715781295344 1.0 1.0
0.423 0.5237 0.5617 0.5925 0.616 0.6246 0.6361 0.6361 0.6361 0.6361 0.6361 0.6361 0.6361 0.6361 0.6361 0.6361 0.6361 0.6361 0.6361
0.0 0.7055526999999999 1.175921 1.64629 2.116658 2.587027 3.057395 3.527764 3.998132 4.4685 4.938869 5.409237 5.879606 6.349974 6.820343 7.290711 7.76108 8.231448 8.701817 9.172185 9.642554 10.11292 10.58329 11.05366 11.52403
0.020953143324952843 0.07041214506648273 0.13069416670682563 0.19599793155416811 0.2619349336808335 0.3265955750855191 0.39056114316041285 0.45346128701754024 0.5161290585066867 0.5774775975463183 0.6351439209810789 0.6868298760728597 0.7329466701807984 0.7908026843745304 0.8403429617857774 0.8624817175074521 0.9361641958989024 0.9397851096863618 0.9424009961092846 0.9440653863656431 0.9450220879774398 0.9454707795803918 0.995863500931041 0.9999999999999999 0.9999999999999999
0.421 0.4936 0.5286 0.5507 0.5679 0.5857 0.6044 0.6301 0.6663 0.7068 0.7455 0.7832 0.8161 0.8161 0.8161 0.8161 0.8161 0.8161 0.8161 0.8161 0.8161 0.8161 0.8161 0.8161 0.8161
0.0 0.7055526999999999 1.175921 1.64629 2.116658 2.587027 3.057395 3.527764 3.998132 4.4685 4.938869 5.409237 5.879606 6.349974 6.820343 7.290711 7.76108 8.231448 8.701817 9.172185 9.642554 10.11292 10.58329 11.05366 11.52403 11.9944 12.46476 12.93513 13.4055 13.87587 14.34624 14.81661 15.28698 15.75734 16.22771
0.01975075971739971 0.062205618945109994 0.1116199018055944 0.16393884506960418 0.21615290534009024 0.266920549327606 0.317172186087473 0.3670972510264723 0.41769184757494504 0.468451463833337 0.5175159942113416 0.5628698089297502 0.6043923590479084 0.642470842367044 0.6773602319144834 0.7092003384306426 0.7383748778673718 0.7652593626923808 0.7900705463421497 0.8130028566159504 0.8343444699887876 0.8542725095160288 0.8729011589566561 0.90915403217004 0.9221738165249345 0.9692342219520961 0.9699427531246778 0.9704524227214406 0.9708201060156937 0.9710537984356389 0.9711653145184813 0.9956012232073193 0.9999971611242241 1.0 1.0
0.3051 0.3939 0.4489 0.4864 0.5167 0.545 0.566 0.5894 0.6172 0.6466 0.6771 0.7102 0.7457 0.7772 0.806 0.8342 0.8604 0.8821 0.9022 0.9206 0.9325 0.9411 0.9411 0.9411 0.9411 0.9411 0.9411 0.9411 0.9411 0.9411 0.9411 0.9411 0.9411 0.9411 0.9411
0.0 0.7055526999999999 1.175921 1.64629 2.116658 2.587027 3.057395 3.527764 3.998132 4.4685 4.938869 5.409237 5.879606 6.349974 6.820343 7.290711 7.76108 8.231448 8.701817 9.172185 9.642554 10.11292 10.58329 11.05366 11.52403 11.9944 12.46476 12.93513 13.4055 13.87587 14.34624 14.81661 15.28698 15.75734 16.22771 16.69808 17.16845 17.63882 18.10919 18.57955 19.04992 19.52029 19.99066 20.46103
0.01997405246317729 0.05973008343336781 0.10451599501342712 0.15139552744272236 0.19724746349394082 0.24152823258845982 0.28493104161049065 0.3277846600224838 0.3710411391986596 0.4143266164067521 0.4561386952519929 0.49503231506163226 0.5309557126384611 0.564175305025384 0.5949257558502778 0.6234923422783784 0.6502056960310663 0.6753118633188646 0.6990135548268794 0.7214974335089231 0.7429362571354173 0.7633475318904401 0.7828575255803994 0.8015632989507232 0.819425221991213 0.8364154083245181 0.852556024532703 0.8678693987202908 0.8823497113281239 0.8959676127754059 0.908666874244023 0.9204834582342389 0.9403405304323578 0.9517157780587033 0.9815613325658653 0.9817738343623377 0.9819190012464933 0.9820129788132327 0.982072778227806 0.982102421826983 0.9978255784911556 0.9998727055758498 1.0 1.0
0.2212 0.3076 0.3639 0.4008 0.4368 0.4659 0.4896 0.5145 0.5423 0.5729 0.607 0.6425 0.6774 0.7099 0.7401 0.7681 0.7935 0.8171 0.8388 0.8583 0.876 0.8915 0.9057 0.9188 0.9315 0.9437 0.9538 0.9628 0.9708 0.9768 0.9807 0.9832 0.9832 0.9832 0.9832 0.9832 0.9832 0.9832 0.9832 0.9832 0.9832 0.9832 0.9832 0.9832
0.0 0.7055526999999999 1.175921 1.64629 2.116658 2.587027 3.057395 3.527764 3.998132 4.4685 4.938869 5.409237 5.879606 6.349974 6.820343 7.290711 7.76108 8.231448 8.701817 9.172185 9.642554 10.11292 10.58329 11.05366 11.52403 11.9944 12.46476 12.93513 13.4055 13.87587 14.34624 14.81661 15.28698 15.75734 16.22771 16.69808 17.16845 17.63882 18.10919 18.57955 19.04992 19.52029 19.99066 20.46103 20.9314 21.40177 21.87213 22.3425 22.81287 23.28324 23.75361 24.22398 24.69434 25.16471 25.63508 26.10545 26.57582 27.04619 27.51656 27.98692 28.45729 28.92766 29.39803
0.017269096047039176 0.05087123797526969 0.08957831664554158 0.1305790171129691 0.17161617277286684 0.2099211246714344 0.2474964603363202 0.28410331380832454 0.32070960270876414 0.3569860347420932 0.39176407486523607 0.42397347093038185 0.45367337485576553 0.4810696607462874 0.5063806422584687 0.5298593565722155 0.5517967240938625 0.5724132788117993 0.5918812909620729 0.6103627783508856 0.6280054025360775 0.6449482521274416 0.6613195180802806 0.677221838556216 0.6926712587740056 0.7076846162503173 0.7222422174005673 0.7363612033765505 0.7500526948148043 0.7632942179716101 0.776107909745467 0.788558221436441 0.8007428666239332 0.8127100995716882 0.8244474807280848 0.83584824439149 0.8468988930316357 0.8575905975083363 0.8679539870150572 0.8780101831703404 0.8877613256529736 0.8971937746037231 0.9062770526466871 0.9149409536472777 0.9231262497784778 0.9308401571188595 0.9380922211977368 0.9448962716462983 0.9512691032825221 0.9572284218297681 0.9627923078110068 0.9739471365099048 0.9776826921119063 0.9916511225077426 0.9916859390193852 0.9917058784060933 0.9917165933101915 0.991721610358797 0.9917231298865588 0.9988713175418109 0.9999033908933745 1.0 1.0
0.1793 0.246 0.2871 0.3165 0.3446 0.3697 0.3871 0.4048 0.4241 0.4471 0.4755 0.5077 0.5414 0.5752 0.6081 0.64 0.6702 0.6986 0.7252 0.7504 0.7742 0.7965 0.8172 0.8366 0.8545 0.871 0.8857 0.8989 0.9111 0.9221 0.932 0.9409 0.9488 0.9558 0.9618 0.9669 0.9716 0.9757 0.9794 0.9826 0.9853 0.9876 0.9897 0.9917 0.9934 0.9946 0.9958 0.9967 0.9973 0.9977 0.9977 0.9977 0.9977 0.9977 0.9977 0.9977 0.9977 0.9977 0.9977 0.9977 0.9977 0.9977 0.9977
0.0 0.7055526999999999 1.175921 1.64629 2.116658 2.587027 3.057395 3.527764 3.998132 4.4685 4.938869 5.409237 5.879606 6.349974 6.820343 7.290711 7.76108 8.231448 8.701817 9.172185 9.642554 10.11292 10.58329 11.05366 11.52403 11.9944 12.46476 12.93513 13.4055 13.87587 14.34624 14.81661 15.28698 15.75734 16.22771 16.69808 17.16845 17.63882 18.10919 18.57955 19.04992 19.52029 19.99066 20.46103 20.9314 21.40177 21.87213 22.3425 22.81287 23.28324 23.75361 24.22398 24.69434 25.16471 25.63508 26.10545 26.57582 27.04619 27.51656 27.98692 28.45729 28.92766 29.39803 29.8684 30.33877 30.80913 31.2795 31.74987 32.22024 32.69061 33.16098 33.63135 34.10171 34.57208 35.04245 35.51282 35.98319 36.45356 36.92393 37.39429 37.86466 38.33503
0.014858088753139207 0.044041649132217524 0.07869933024855402 0.11753875168103582 0.15924268837827837 0.1949047218474833 0.23094125388144193 0.2661839092334798 0.30097906270701874 0.3354449146563403 0.36851105624450425 0.3991268102844755 0.42733816042915435 0.45327578384218825 0.47711011952064225 0.49905998312197536 0.5193987461358642 0.53834102579474 0.5560695862689152 0.5727414894066365 0.5884961740960165 0.6034633697749627 0.6177622813870409 0.6314893637194302 0.6446716696033764 0.6573385595823019 0.6695285871393061 0.6812870440874993 0.692635827630102 0.7035716207270246 0.7141220116745559 0.7243469820347748 0.7343252593848952 0.7441066798829505 0.7536963328161641 0.7630970613617554 0.7723101591653595 0.7813189130835532 0.7901481298375785 0.7988221091154069 0.8073497026754488 0.8157283184878058 0.8239364052691522 0.8319541129038658 0.8397834979568021 0.8474230393281484 0.8548441393937033 0.8620596303599849 0.8690849032930094 0.8759380929248098 0.8826398407220016 0.8892049359447559 0.8956430501342485 0.9019623384704714 0.9081291093033707 0.9141212379755483 0.9199400228712679 0.9255859378533994 0.9310597126707626 0.9363621671061223 0.9414940877718428 0.9464562707575458 0.9512468774752955 0.9558109526264751 0.9601479271017773 0.9642572635407081 0.9681386141279205 0.9717918840908406 0.9752171686759055 0.9784148782483603 0.9848801732120736 0.9870533661449549 0.9951609513502128 0.9951744759651566 0.9951814240742598 0.9951843361416636 0.9951853802037249 0.9951855442057688 0.9992731056980992 0.9999999990201748 1.0 1.0
0.1642 0.2091 0.2373 0.2573 0.2766 0.2947 0.3052 0.3094 0.3226 0.3379 0.3581 0.3834 0.4104 0.439 0.4684 0.4983 0.5277 0.5568 0.5853 0.6132 0.6405 0.667 0.6926 0.7173 0.7413 0.7642 0.786 0.8064 0.8255 0.8431 0.8596 0.8746 0.8886 0.9008 0.9118 0.9218 0.931 0.9394 0.947 0.9538 0.9599 0.9649 0.9697 0.9738 0.9775 0.9807 0.9834 0.9858 0.9879 0.9897 0.9912 0.9926 0.9938 0.9948 0.9957 0.9964 0.997 0.9975 0.9979 0.9982 0.9985 0.9988 0.999 0.9992 0.9994 0.9995 0.9996 0.9997 0.9997 0.9997 0.9997 0.9997 0.9997 0.9997 0.9997 0.9997 0.9997 0.9997 0.9997 0.9997 0.9997 0.9997
0.0 0.7055526999999999 1.175921 1.64629 2.116658 2.587027 3.057395 3.527764 3.998132 4.4685 4.938869 5.409237 5.879606 6.349974 6.820343 7.290711 7.76108 8.231448 8.701817 9.172185 9.642554 10.11292 10.58329 11.05366 11.52403 11.9944 12.46476 12.93513 13.4055 13.87587 14.34624 14.81661 15.28698 15.75734 16.22771 16.69808 17.16845 17.63882 18.10919 18.57955 19.04992 19.52029 19.99066 20.46103 20.9314 21.40177 21.87213 22.3425 22.81287 23.28324 23.75361 24.22398 24.69434 25.16471 25.63508 26.10545 26.57582 27.04619 27.51656 27.98692 28.45729 28.92766 29.39803 29.8684 30.33877 30.80913 31.2795 31.74987 32.22024 32.69061 33.16098 33.63135 34.10171 34.57208 35.04245 35.51282 35.98319 36.45356 36.92393 37.39429 37.86466 38.33503 38.8054 39.27577 39.74614 40.2165 40.68687 41.15724 41.62761 42.09798 42.56835 43.03872 43.50908 43.97945 44.44982 44.92019 45.39056 45.86093 46.33129 46.80166
0.013686431490909312 0.04083182575582675 0.07263122873721546 0.10949811530061004 0.15135524335709588 0.18468978431296432 0.2192388730552692 0.252496171922223 0.28585120026476496 0.3189307618173738 0.3507149342311384 0.38024470795589793 0.4076252335802588 0.4328897853480416 0.45616145333484304 0.4776229569934223 0.49749627616385333 0.5159827091287429 0.5332460934151296 0.5494364898954447 0.5646852858948109 0.5791059103078697 0.5928065541537043 0.6058768911879006 0.6183444415685624 0.6302404573217323 0.6416029533001213 0.6524752580059661 0.6628880741040386 0.6728505370933897 0.6823928760514897 0.6915714904901034 0.700461069862589 0.7091080730832479 0.7175257037660525 0.7257192802964015 0.7336940358139792 0.7414516799689449 0.7490213715314671 0.7564249523479021 0.763674077401746 0.7707738424923655 0.7777092396381682 0.7844702761470875 0.7910616878921408 0.7974929134682519 0.8037740829078049 0.8099146395415969 0.8159242777016945 0.8218187441658806 0.8276140982795576 0.8333230463900311 0.838954477730955 0.8445158086794746 0.8500130774736872 0.8554510436659752 0.8608195772239544 0.8661180103895293 0.8713485311360339 0.8765131332660087 0.8816137537515176 0.8866522253754187 0.8916303714488233 0.8965499631882402 0.9014038825765242 0.9061689901381118 0.9108463907521782 0.9154373583685649 0.9199433047510186 0.9243656700785239 0.9287059489926048 0.9329658023639288 0.9371470577658934 0.9412192891087106 0.9451705643603127 0.9490022952844466 0.9527165306197793 0.9563153191049782 0.9598005707176315 0.963173974270057 0.9664369145315251 0.9695845462303516 0.9725846161769386 0.9754371243712858 0.9781418576991077 0.9806985282193247 0.9831067930547301 0.9853663609491338 0.988544335386383 0.9898451674640862 0.9913005021895236 0.9967512315595937 0.9967579842988531 0.9967612617455672 0.9967626707530356 0.9967631613847443 0.996763179498985 0.999764246346842 0.9999999999999999 0.9999999999999999
0.152 0.1894 0.2107 0.2263 0.2419 0.2558 0.2626 0.2663 0.269 0.2803 0.296 0.3165 0.3376 0.3608 0.3853 0.4106 0.4362 0.4617 0.4873 0.5126 0.5377 0.5629 0.5878 0.6125 0.637 0.6613 0.6852 0.7085 0.731 0.7527 0.7739 0.7938 0.8123 0.8292 0.8446 0.8593 0.8731 0.8866 0.8991 0.9105 0.9207 0.9295 0.9381 0.9458 0.9527 0.9588 0.9642 0.969 0.973 0.9765 0.9796 0.9824 0.9848 0.9869 0.9888 0.9904 0.9917 0.9929 0.9939 0.9948 0.9956 0.9962 0.9968 0.9973 0.9977 0.998 0.9983 0.9986 0.9988 0.999 0.9992 0.9993 0.9994 0.9995 0.9996 0.9997 0.9997 0.9998 0.9998 0.9998 0.9999 0.9999 0.9999 0.9999 0.9999 1.0 1.0 1.0 1.0 1.0 1.0 1.0 1.0 1.0 1.0 1.0 1.0 1.0 1.0 1.0
0.0 0.7055526999999999 1.175921 1.64629 2.116658 2.587027 3.057395 3.527764 3.998132 4.4685 4.938869 5.409237 5.879606 6.349974 6.820343 7.290711 7.76108 8.231448 8.701817 9.172185 9.642554 10.11292 10.58329 11.05366 11.52403 11.9944 12.46476 12.93513 13.4055 13.87587 14.34624 14.81661 15.28698 15.75734 16.22771 16.69808 17.16845 17.63882 18.10919 18.57955 19.04992 19.52029 19.99066 20.46103 20.9314 21.40177 21.87213 22.3425 22.81287 23.28324 23.75361 24.22398 24.69434 25.16471 25.63508 26.10545 26.57582 27.04619 27.51656 27.98692 28.45729 28.92766 29.39803 29.8684 30.33877 30.80913 31.2795 31.74987 32.22024 32.69061 33.16098 33.63135 34.10171 34.57208 35.04245 35.51282 35.98319 36.45356 36.92393 37.39429 37.86466 38.33503 38.8054 39.27577 39.74614 40.2165 40.68687 41.15724 41.62761 42.09798 42.56835 43.03872 43.50908 43.97945 44.44982 44.92019 45.39056 45.86093 46.33129 46.80166 47.27203 47.7424 48.21277 48.68314 49.15351 49.62387 50.09424 50.56461 51.03498 51.50535 51.97572 52.44608 52.91645 53.38682 53.85719 54.32756 54.79793 55.2683 55.73866
0.012271066371211033 0.04050493393540527 0.07025057020769862 0.10441691404221808 0.14437130635778783 0.1756710865405254 0.20838434048466706 0.23975432796322657 0.27152802513980356 0.30337870188320487 0.3339560733645384 0.3624858243356812 0.3890662497433284 0.4136674115117556 0.43639700815333365 0.45739435157686664 0.4768838637692216 0.49502677778475346 0.511977781568945 0.5278846156921345 0.5428535210430248 0.5570135588393009 0.5704443162797387 0.5832303733974307 0.5953985353237242 0.6069777841603794 0.6180055117405131 0.6285205817185434 0.6385519336033311 0.6481101682942789 0.6572342819570474 0.6659750263975276 0.6743966932310711 0.6825526892209641 0.6904605957695645 0.698123768250835 0.7055454200624071 0.7127276335238062 0.7196972610918235 0.7264797307273925 0.7330865756411583 0.7395293290437658 0.7457951278796002 0.7518800110090187 0.7577899225077578 0.7635369729568765 0.769131039176488 0.7745851120009051 0.779913507376866 0.7851298928925295 0.790248111240196 0.7952795441890906 0.8002322417971973 0.8051126024645128 0.8099260875472472 0.8146769847306055 0.8193684539344676 0.8240027019442763 0.8285801049973094 0.8331028447965245 0.8375729023849975 0.841992158002609 0.8463622917026125 0.8506848084341198 0.8549611620347632 0.8591926066288025 0.8633775369371852 0.867514775029616 0.8716056242488164 0.8756514641314717 0.8796537485152145 0.8836139823491564 0.8875337453566103 0.8914146674258593 0.8952584532193877 0.8990545969619347 0.9028054303781143 0.9065133102750261 0.9101804183556276 0.9138087858279649 0.9174003430968891 0.9209568705455946 0.9244800487005895 0.9279604990786834 0.9313853079860365 0.9347553533096308 0.9380714372157379 0.9413342870964286 0.9445445300138328 0.9477027674743406 0.9508094760451706 0.9538652070677428 0.9568402974271613 0.9597305843773924 0.9625363935174897 0.9652588786417715 0.9678991433795868 0.9704581900838344 0.972936809089425 0.9753356596397903 0.9776456273277161 0.9798472211691887 0.9819401226639716 0.9839238983109998 0.9857980710698003 0.9875621823568231 0.9892158010372755 0.9915502695806916 0.9935784199300638 0.9943650028797189 0.9976180237389947 0.997622100045105 0.9976241229428034 0.9976248885217748 0.9976249722821312 0.9976249726047705 0.9998295252329871 1.0 1.0
0.1505 0.1712 0.1891 0.201 0.2133 0.2236 0.2277 0.2313 0.2299 0.2383 0.2505 0.2675 0.2851 0.3049 0.326 0.3482 0.3706 0.3936 0.4168 0.4398 0.4633 0.4863 0.5099 0.5334 0.5572 0.5812 0.605 0.6288 0.6524 0.6758 0.6982 0.72 0.741 0.7597 0.7768 0.7937 0.8104 0.827 0.8429 0.8574 0.8711 0.8828 0.8949 0.9059 0.9163 0.9254 0.9339 0.9415 0.948 0.9539 0.9594 0.9642 0.9684 0.9723 0.9757 0.9788 0.9815 0.9839 0.986 0.9878 0.9894 0.9909 0.9921 0.9932 0.9941 0.9949 0.9956 0.9962 0.9968 0.9972 0.9976 0.998 0.9982 0.9985 0.9987 0.9989 0.9991 0.9992 0.9993 0.9994 0.9995 0.9996 0.9996 0.9997 0.9997 0.9998 0.9998 0.9998 0.9999 0.9999 0.9999 0.9999 0.9999 0.9999 1.0 1.0 1.0 1.0 1.0 1.0 1.0 1.0 1.0 1.0 1.0 1.0 1.0 1.0 1.0 1.0 1.0 1.0 1.0 1.0 1.0 1.0 1.0 1.0 1.0
0.0 0.7055526999999999 1.175921 1.64629 2.116658 2.587027 3.057395 3.527764 3.998132 4.4685 4.938869 5.409237 5.879606 6.349974 6.820343 7.290711 7.76108 8.231448 8.701817 9.172185 9.642554 10.11292 10.58329 11.05366 11.52403 11.9944 12.46476 12.93513 13.4055 13.87587 14.34624 14.81661 15.28698 15.75734 16.22771 16.69808 17.16845 17.63882 18.10919 18.57955 19.04992 19.52029 19.99066 20.46103 20.9314 21.40177 21.87213 22.3425 22.81287 23.28324 23.75361 24.22398 24.69434 25.16471 25.63508 26.10545 26.57582 27.04619 27.51656 27.98692 28.45729 28.92766 29.39803 29.8684 30.33877 30.80913 31.2795 31.74987 32.22024 32.69061 33.16098 33.63135 34.10171 34.57208 35.04245 35.51282 35.98319 36.45356 36.92393 37.39429 37.86466 38.33503 38.8054 39.27577 39.74614 40.2165 40.68687 41.15724 41.62761 42.09798 42.56835 43.03872 43.50908 43.97945 44.44982 44.92019 45.39056 45.86093 46.33129 46.80166 47.27203 47.7424 48.21277 48.68314 49.15351 49.62387 50.09424 50.56461 51.03498 51.50535 51.97572 52.44608 52.91645 53.38682 53.85719 54.32756 54.79793 55.2683 55.73866 56.20903 56.6794 57.14977 57.62014 58.09051 58.56087 59.03124 59.50161 59.97198 60.44235 60.91272 61.38309 61.85345 62.32382 62.79419 63.26456 63.73493 64.2053 64.67566
0.011571457230038147 0.04288265200031787 0.07144024593667629 0.10300438295239098 0.14002960956348623 0.16973617328321278 0.20074260827141277 0.2307753958619397 0.2614574331063497 0.2931569447966823 0.3230064195131189 0.3509531171937116 0.3770680391705123 0.4012895465605716 0.42372956770310966 0.44449797772718475 0.46380868423065974 0.4817937029498693 0.4985915120291691 0.5143559792273317 0.5291766178841594 0.5431940965502406 0.5564677690843125 0.5690763245292865 0.5810486213690057 0.592410684278818 0.6031978719977794 0.613449772688644 0.6231940337251132 0.6324512439795942 0.6412606651828107 0.6496685087561034 0.6577446500775647 0.6655415264316068 0.6730817183991125 0.6803699284936782 0.6874082998125468 0.694203181222164 0.7007754785651691 0.7071522289292941 0.7133443133822175 0.7193664166344063 0.7252084240238184 0.7308685330779382 0.7363535894076055 0.7416776343210245 0.7468497085661663 0.7518829876967199 0.7567917117186472 0.7615882093547179 0.7662854479990655 0.7708935404213724 0.7754198147841751 0.7798697499415947 0.7842481628949837 0.7885588426213432 0.7928048944827712 0.796989034961468 0.8011139119415985 0.8051819911677168 0.8091952586712192 0.8131556773020968 0.81706507366045 0.8209250917336781 0.8247372605483346 0.8285030187708029 0.8322237587046557 0.8359008272368359 0.8395355258376556 0.8431291096146172 0.8466828119130875 0.8501978192425332 0.8536753649483215 0.8571166128316038 0.8605227957646572 0.8638953292324597 0.8672356514283045 0.8705442870088895 0.8738229485596495 0.8770732341782635 0.8802966047663398 0.883494407210821 0.8866678739108942 0.8898180555992252 0.89294595617258 0.8960493161536004 0.8991277471354795 0.902181910970986 0.9052124926942937 0.9082200860332258 0.9112052388258857 0.9141684762020612 0.9171102542204149 0.9200292264670944 0.9229179961815275 0.9257780701550429 0.9286108638726185 0.9314176329148462 0.9341995642642833 0.9369577308888205 0.9396931144499985 0.9424066280113225 0.945086766026447 0.947726474724977 0.9503260275528742 0.9528856984291902 0.9554056931480313 0.9578861257240627 0.9603270188656001 0.9627284638789936 0.9650886800538632 0.9673826475578068 0.9696098795813185 0.9717701868884386 0.973863663150967 0.9758905231517179 0.9778510701413167 0.9797456513677492 0.981574624960069 0.9833268278890177 0.984991585354113 0.986569027455077 0.9880593140962954 0.9894626439755261 0.9907792701958649 0.9920095239202412 0.9937495660733345 0.995272306208539 0.9982898301775425 0.9982942928534839 0.9982967280600848 0.998297810674279 0.9982982314418545 0.9982983448344068 0.9998088830349346 0.9999379769680524 1.0 1.0
0.1405 0.1534 0.1654 0.1754 0.1859 0.1926 0.1939 0.1959 0.1931 0.1987 0.2084 0.2223 0.2367 0.2534 0.2709 0.2897 0.3087 0.3287 0.3491 0.3694 0.3906 0.4111 0.4329 0.455 0.4776 0.5007 0.5243 0.5482 0.5725 0.5965 0.6201 0.6436 0.666 0.6865 0.7055 0.7244 0.7436 0.7627 0.7816 0.7991 0.8159 0.8307 0.8458 0.86 0.8735 0.8856 0.8971 0.9074 0.9165 0.9248 0.9324 0.9393 0.9455 0.9513 0.9565 0.9611 0.9654 0.9693 0.9727 0.9757 0.9785 0.981 0.9832 0.9851 0.9869 0.9885 0.9899 0.9911 0.9922 0.9931 0.994 0.9947 0.9954 0.996 0.9965 0.997 0.9973 0.9977 0.998 0.9983 0.9985 0.9987 0.9989 0.999 0.9991 0.9993 0.9994 0.9994 0.9995 0.9996 0.9996 0.9997 0.9997 0.9998 0.9998 0.9998 0.9999 0.9999 0.9999 0.9999 0.9999 0.9999 0.9999 1.0 1.0 1.0 1.0 1.0 1.0 1.0 1.0 1.0 1.0 1.0 1.0 1.0 1.0 1.0 1.0 1.0 1.0 1.0 1.0 1.0 1.0 1.0 1.0 1.0 1.0 1.0 1.0 1.0 1.0 1.0 1.0 1.0 1.0 1.0
0.0 0.7055526999999999 1.175921 1.64629 2.116658 2.587027 3.057395 3.527764 3.998132 4.4685 4.938869 5.409237 5.879606 6.349974 6.820343 7.290711 7.76108 8.231448 8.701817 9.172185 9.642554 10.11292 10.58329 11.05366 11.52403 11.9944 12.46476 12.93513 13.4055 13.87587 14.34624 14.81661 15.28698 15.75734 16.22771 16.69808 17.16845 17.63882 18.10919 18.57955 19.04992 19.52029 19.99066 20.46103 20.9314 21.40177 21.87213 22.3425 22.81287 23.28324 23.75361 24.22398 24.69434 25.16471 25.63508 26.10545 26.57582 27.04619 27.51656 27.98692 28.45729 28.92766 29.39803 29.8684 30.33877 30.80913 31.2795 31.74987 32.22024 32.69061 33.16098 33.63135 34.10171 34.57208 35.04245 35.51282 35.98319 36.45356 36.92393 37.39429 37.86466 38.33503 38.8054 39.27577 39.74614 40.2165 40.68687 41.15724 41.62761 42.09798 42.56835 43.03872 43.50908 43.97945 44.44982 44.92019 45.39056 45.86093 46.33129 46.80166 47.27203 47.7424 48.21277 48.68314 49.15351 49.62387 50.09424 50.56461 51.03498 51.50535 51.97572 52.44608 52.91645 53.38682 53.85719 54.32756 54.79793 55.2683 55.73866 56.20903 56.6794 57.14977 57.62014 58.09051 58.56087 59.03124 59.50161 59.97198 60.44235 60.91272 61.38309 61.85345 62.32382 62.79419 63.26456 63.73493 64.2053 64.67566 65.14603 65.6164 66.08677 66.55714 67.02751 67.49788 67.96824 68.43861 68.90898 69.37935 69.84972 70.32009 70.79046 71.26082 71.73119 72.20156 72.67193 73.1423 73.61267
0.01115917103330627 0.04513114622089414 0.07233757231829374 0.10151547082156259 0.13581749102157045 0.16411123801524274 0.19353347994045839 0.2222550916161006 0.25172624574105595 0.283232626990021 0.31229389489458753 0.3395964709964653 0.36509018966462825 0.38890234275860597 0.4110070149953143 0.4315230316606887 0.450623484520465 0.46844588681156724 0.4851113010765288 0.5007667335205432 0.5154872812324095 0.5294188861832103 0.5426065678408039 0.5551253239654718 0.5669922296022832 0.5782373245327437 0.5888962014754529 0.5990008442128921 0.6085821628335731 0.6176564424843581 0.6262660302230048 0.6344603963809196 0.6423074343644525 0.6498681791823492 0.6571573882142818 0.6641841949538871 0.6709514184390767 0.6774656001621858 0.6837505080183593 0.689826357725776 0.6957137954261886 0.7014219971825981 0.7069470135039707 0.7122890998064928 0.7174564625176424 0.7224639063163854 0.7273226931645801 0.732045870099434 0.7366488609476692 0.741144352798867 0.7455452630901699 0.7498609561357682 0.754098266683619 0.7582640299546726 0.7623629697294025 0.7663990359718358 0.7703752600937134 0.7742940453721543 0.7781580888128923 0.7819694592870388 0.785729870448009 0.7894409947988326 0.7931043582147281 0.796721235411664 0.8002928391435337 0.8038202771597988 0.8073045313937987 0.810746584724859 0.8141473566512518 0.817507787955931 0.8208287560407971 0.8241110971573647 0.8273553760592023 0.8305622610853312 0.8337326930187057 0.8368676755503406 0.8399688178022117 0.8430377080846054 0.846075746929612 0.8490842724342532 0.8520644968794301 0.8550175483533001 0.8579444518315603 0.8608461471511788 0.8637234918483528 0.8665772384548469 0.8694080761213719 0.8722165904131857 0.8750032831757952 0.8777685933466474 0.8805128553317495 0.8832363614407374 0.8859393420211719 0.8886219432278708 0.8912847917764775 0.8939283478891207 0.896552883063747 0.8991594009913711 0.9017488211702652 0.9043220001906401 0.9068796702455644 0.9094224580506808 0.9119509070748756 0.914465435443906 0.9169631583738421 0.919444013429616 0.9219082304857958 0.9243559977935707 0.9267874406960692 0.9292026637247309 0.9316017085029343 0.93398455421899 0.9363481491224609 0.9386872264369799 0.9410020571875007 0.9432929554413345 0.9455602759431846 0.9478044164801122 0.9500257947048815 0.9522249332746895 0.9544023335620505 0.9565455591636403 0.9586519343584077 0.9607219255173897 0.9627560827313733 0.9647549716999125 0.9667191803532298 0.9686493500697492 0.9705461685812028 0.9724049769071494 0.9742104954837134 0.9759631802760871 0.9776633448785884 0.9793113043045142 0.9809074289073352 0.9824520866755573 0.9839455912034984 0.985388270275265 0.9867678695898139 0.9880790712875408 0.9893218753684458 0.9904962671697478 0.991602244799475 0.9926398498810061 0.9936091623501473 0.9955551759111176 0.9962021630855835 0.9986128084885892 0.9986157773233646 0.9986173701412737 0.9986181135773842 0.9986183938876622 0.9986184232438744 0.9998229347624883 0.9999865723453752 1.0 1.0
0.1264 0.1384 0.1489 0.1585 0.1663 0.171 0.1706 0.1718 0.1688 0.1732 0.1797 0.1913 0.2041 0.2173 0.2323 0.2482 0.2646 0.2817 0.2994 0.3171 0.3358 0.3538 0.3733 0.3932 0.4142 0.4357 0.4578 0.4808 0.5042 0.5281 0.5518 0.5756 0.5985 0.6193 0.6396 0.6598 0.6805 0.7014 0.7221 0.7423 0.7611 0.7788 0.7966 0.8135 0.8299 0.8449 0.859 0.8721 0.8836 0.8942 0.9039 0.9129 0.9212 0.9287 0.9356 0.942 0.9478 0.9532 0.9579 0.9622 0.9662 0.9697 0.9729 0.9758 0.9784 0.9807 0.9828 0.9847 0.9864 0.9879 0.9892 0.9904 0.9915 0.9925 0.9933 0.9941 0.9947 0.9953 0.9959 0.9964 0.9968 0.9972 0.9975 0.9978 0.998 0.9983 0.9985 0.9987 0.9988 0.999 0.9991 0.9992 0.9993 0.9994 0.9995 0.9995 0.9996 0.9997 0.9997 0.9997 0.9998 0.9998 0.9998 0.9999 0.9999 0.9999 0.9999 0.9999 0.9999 0.9999 0.9999 1.0 1.0 1.0 1.0 1.0 1.0 1.0 1.0 1.0 1.0 1.0 1.0 1.0 1.0 1.0 1.0 1.0 1.0 1.0 1.0 1.0 1.0 1.0 1.0 1.0 1.0 1.0 1.0 1.0 1.0 1.0 1.0 1.0 1.0 1.0 1.0 1.0 1.0 1.0 1.0 1.0 1.0 1.0 1.0 1.0 1.0
0.0 1.411105 2.351842 3.292579 4.233316 5.174053 6.11479 7.055527 7.996264 8.937001 9.877738 10.81847 11.75921 12.69995 13.64069 14.58142 15.52216 16.4629 17.40363 18.34437 19.28511 20.22584 21.16658 22.10732 23.04806 23.98879 24.92953 25.87027 26.811 27.75174 28.69248 29.63321 30.57395 31.51469 32.45542 33.39616 34.3369 35.27764 36.21837 37.15911 38.09985 39.04058 39.98132 40.92206 41.86279 42.80353 43.74427 44.685 45.62574 46.56648 47.50722 48.44795 49.38869 50.32943 51.27016 52.2109 53.15164 54.09237 55.03311 55.97385 56.91459 57.85532 58.79606 59.7368 60.67753 61.61827 62.55901 63.49974 64.44048 65.38122 66.32195 67.26269 68.20343 69.14417 70.0849 71.02564 71.96638 72.90711 73.84785 74.78859 75.72932 76.67006 77.6108 78.55153 79.49227 80.43301 81.37375 82.31448
0.04206632329723646 0.09642863581424689 0.15820737199029578 0.21391118058693637 0.275289849077108 0.3301528249169358 0.37829185698405765 0.41990579287476254 0.45618437554464575 0.4881166465424599 0.5165562327994097 0.542120424414186 0.5650559895056306 0.5856051913368873 0.6039851274527015 0.6204856742712167 0.6356261580888561 0.6496249827624654 0.6625188210832063 0.6744588882818958 0.685600433788484 0.6959631483368318 0.7056199260631693 0.7146881919384843 0.7232791236882513 0.7315049882717098 0.7394255609937209 0.7470877365376292 0.754519778310452 0.7617453296006771 0.7687827114355075 0.7756469934697504 0.7823501543932586 0.7889021759673144 0.7953115530626622 0.8015856452111485 0.8077311847227062 0.8137543957902829 0.8196635379563404 0.8254660495156602 0.8311677627675598 0.8367731787256425 0.8422855468412574 0.8477070206083224 0.8530390081544391 0.8582814316771961 0.8634333517845093 0.8684981351116074 0.8734829452435215 0.8783938104263838 0.88323558418596 0.8880121038140442 0.8927259915400724 0.8973787736360499 0.9019708410350831 0.9065015684363062 0.9109698983032326 0.9153725043426251 0.9197103249860437 0.9239856702927537 0.9282010846897794 0.9323526924643827 0.9364382623202339 0.9404618659168861 0.9444283567801052 0.9483354834425655 0.9521672445415652 0.9559273428955939 0.959619352612978 0.9632467728812035 0.9667583780159996 0.9701561342091816 0.9734422362571824 0.9766189673246062 0.9796366721832734 0.9824758867828933 0.9851376139101072 0.9876237477174605 0.9899100349839777 0.9919644653000658 0.9937883468988723 0.9957800319711193 0.9971850849370351 0.9988104781753802 0.9988114574291933 0.9988115124487538 1.0 1.0
0.1261 0.143 0.1522 0.1529 0.1527 0.1659 0.1877 0.2142 0.2429 0.2734 0.3055 0.3401 0.3781 0.4194 0.4636 0.5094 0.5524 0.5929 0.636 0.6797 0.7198 0.7589 0.7954 0.8275 0.8555 0.8785 0.8989 0.9161 0.931 0.9435 0.9539 0.9625 0.9696 0.9755 0.9803 0.9841 0.9873 0.9898 0.9919 0.9935 0.9948 0.9959 0.9967 0.9974 0.9979 0.9984 0.9987 0.999 0.9992 0.9994 0.9995 0.9996 0.9997 0.9998 0.9998 0.9999 0.9999 0.9999 0.9999 1.0 1.0 1.0 1.0 1.0 1.0 1.0 1.0 1.0 1.0 1.0 1.0 1.0 1.0 1.0 1.0 1.0 1.0 1.0 1.0 1.0 1.0 1.0 1.0 1.0 1.0 1.0 1.0 1.0
0.0 1.411105 2.351842 3.292579 4.233316 5.174053 6.11479 7.055527 7.996264 8.937001 9.877738 10.81847 11.75921 12.69995 13.64069 14.58142 15.52216 16.4629 17.40363 18.34437 19.28511 20.22584 21.16658 22.10732 23.04806 23.98879 24.92953 25.87027 26.811 27.75174 28.69248 29.63321 30.57395 31.51469 32.45542 33.39616 34.3369 35.27764 36.21837 37.15911 38.09985 39.04058 39.98132 40.92206 41.86279 42.80353 43.74427 44.685 45.62574 46.56648 47.50722 48.44795 49.38869 50.32943 51.27016 52.2109 53.15164 54.09237 55.03311 55.97385 56.91459 57.85532 58.79606 59.7368 60.67753 61.61827 62.55901 63.49974 64.44048 65.38122 66.32195 67.26269 68.20343 69.14417 70.0849 71.02564 71.96638 72.90711 73.84785 74.78859 75.72932 76.67006 77.6108 78.55153 79.49227 80.43301 81.37375 82.31448 83.25522 84.19596 85.13669 86.07743 87.01817 87.9589 88.89964 89.84038 90.78112 91.72185
0.04096679666537513 0.0922742643616257 0.14969135708003165 0.20306169622712134 0.2629775609231547 0.3160249443018066 0.36273940515900577 0.4034287599615394 0.4390758825087653 0.47052410966314157 0.4986129094611498 0.5239895662488829 0.5467785736622348 0.5671967395569291 0.5854467308937423 0.6018010551023847 0.616776771654574 0.6306122501508068 0.6433179642614071 0.6550442797959835 0.6659332009080013 0.6760296366989961 0.6854013914642294 0.6941666131969882 0.7024452940629419 0.7103490856917581 0.7179413245087002 0.7252719490890729 0.7323703029898991 0.739264326238778 0.7459742816917615 0.7525179601883035 0.7589098664657938 0.7651622185262683 0.7712852029981238 0.7772875300198429 0.7831767663622318 0.7889599248723771 0.7946458644897607 0.8002421875054272 0.8057547998790312 0.8111881310803137 0.8165452070495921 0.8218279477997579 0.8270370541355163 0.83217241469612 0.8372332182761221 0.8422204988024646 0.8471379830201705 0.8519882552665916 0.8567731241938722 0.86149343844771 0.8661491241076089 0.8707395168491083 0.875263214102791 0.879717042087347 0.8840989703891435 0.8884095529318996 0.8926502652455226 0.8968230647831554 0.9009302392401586 0.9049744459143741 0.908958600345378 0.9128858407942414 0.9167595992840083 0.9205836409599593 0.9243593309512601 0.9280867806186583 0.9317686511000223 0.9354073740916787 0.9390034891172505 0.9425495839669693 0.946047574813701 0.9494995064711754 0.9529074938335923 0.9562520372500244 0.9595314096688757 0.9627477816647203 0.9659039276561865 0.968975292598403 0.9719455151015138 0.9748181596694524 0.9775971728887173 0.980267535458464 0.9827899024745168 0.9851665693122877 0.9873996950262734 0.9894890952952363 0.9913843256204744 0.993084368395155 0.9945880668115112 0.9971509892998676 0.9989611179337032 0.9989627094035888 0.9989629502528858 0.9999869075280925 1.0 1.0
0.1195 0.1359 0.1461 0.1428 0.1412 0.1528 0.1726 0.1959 0.2214 0.2492 0.2782 0.3086 0.3434 0.3816 0.4231 0.4669 0.5083 0.5472 0.5899 0.6338 0.6759 0.7164 0.7555 0.7909 0.8219 0.8482 0.8716 0.8918 0.9097 0.9248 0.9377 0.9487 0.9579 0.9655 0.9719 0.9771 0.9814 0.9849 0.9878 0.9901 0.992 0.9936 0.9948 0.9958 0.9967 0.9973 0.9979 0.9983 0.9987 0.9989 0.9992 0.9993 0.9995 0.9996 0.9997 0.9997 0.9998 0.9998 0.9999 0.9999 0.9999 0.9999 1.0 1.0 1.0 1.0 1.0 1.0 1.0 1.0 1.0 1.0 1.0 1.0 1.0 1.0 1.0 1.0 1.0 1.0 1.0 1.0 1.0 1.0 1.0 1.0 1.0 1.0 1.0 1.0 1.0 1.0 1.0 1.0 1.0 1.0 1.0 1.0
0.0 1.411105 2.351842 3.292579 4.233316 5.174053 6.11479 7.055527 7.996264 8.937001 9.877738 10.81847 11.75921 12.69995 13.64069 14.58142 15.52216 16.4629 17.40363 18.34437 19.28511 20.22584 21.16658 22.10732 23.04806 23.98879 24.92953 25.87027 26.811 27.75174 28.69248 29.63321 30.57395 31.51469 32.45542 33.39616 34.3369 35.27764 36.21837 37.15911 38.09985 39.04058 39.98132 40.92206 41.86279 42.80353 43.74427 44.685 45.62574 46.56648 47.50722 48.44795 49.38869 50.32943 51.27016 52.2109 53.15164 54.09237 55.03311 55.97385 56.91459 57.85532 58.79606 59.7368 60.67753 61.61827 62.55901 63.49974 64.44048 65.38122 66.32195 67.26269 68.20343 69.14417 70.0849 71.02564 71.96638 72.90711 73.84785 74.78859 75.72932 76.67006 77.6108 78.55153 79.49227 80.43301 81.37375 82.31448 83.25522 84.19596 85.13669 86.07743 87.01817 87.9589 88.89964 89.84038 90.78112 91.72185 92.66259 93.60333 94.54406 95.4848 96.42554 97.36627 98.30701 99.24775 100.1885
0.03963386511029318 0.0881664640060204 0.14304968483844097 0.1945465360179653 0.25343356393687116 0.3057386539372125 0.352105559231197 0.3926367799204509 0.42831334866053394 0.45997499110617723 0.4883540495690285 0.5140001813237485 0.5370689785313421 0.5577687320666133 0.5762596391119805 0.5928155737222104 0.6079318443254909 0.6218652576159752 0.6346190275148584 0.6463166837215543 0.6571095875336442 0.667040882245495 0.6761977015779039 0.6847020056854867 0.6926874284521422 0.700265128379133 0.707503533206524 0.7144567327483331 0.7211633391497321 0.7276515054010075 0.7339449531187153 0.7400643895491442 0.7460271295728086 0.7518478910300215 0.757539450936446 0.7631130301942597 0.7685784279052782 0.7739445096951019 0.7792213519262109 0.7844176475359024 0.7895404604351489 0.7945953655779987 0.7995864144239162 0.8045162395101426 0.8093863297936018 0.8141970997262209 0.8189482384690545 0.8236412704760664 0.8282798999113556 0.8328666547398027 0.8374032321036742 0.8418902901372802 0.8463276551929386 0.8507142892220723 0.8550483905100534 0.8593276047396842 0.863548988534778 0.8677110529384111 0.871812898052649 0.8758541075068057 0.8798346467632204 0.8837548276202181 0.8876154463627515 0.8914176801494192 0.8951624643751962 0.8988515652576702 0.9024871989633962 0.906071650734251 0.9096070686208477 0.9130954941826799 0.9165388049253526 0.9199386951129943 0.9232966143679712 0.9266138098835821 0.9298913763117925 0.9331301684597022 0.9363270971254464 0.9394835860281453 0.9426014810138822 0.9456828773674003 0.9487234003183564 0.9517235046126157 0.9546867946388132 0.9576174676820915 0.9605103776310212 0.9633578369779803 0.9661632639919885 0.9689298227065088 0.9716529224908199 0.9743004932082951 0.976873981603162 0.9793746483000323 0.9818037337765494 0.9841112332564407 0.9862914221224616 0.988344508559955 0.9902708494580806 0.992040808625905 0.9936356522606908 0.995054185935009 0.9969923799663769 0.9990401648729682 0.9990424594496068 0.999042924008964 0.9998563463570094 1.0 1.0
0.1118 0.1273 0.1347 0.1311 0.1282 0.137 0.1538 0.1741 0.1961 0.2197 0.2446 0.2714 0.3018 0.3353 0.3724 0.4118 0.4501 0.4861 0.5264 0.5698 0.6123 0.6549 0.6964 0.7354 0.7697 0.8003 0.8281 0.8527 0.8743 0.8934 0.9101 0.9246 0.9369 0.9475 0.9564 0.9639 0.9702 0.9754 0.9798 0.9834 0.9864 0.9888 0.9909 0.9926 0.9939 0.9951 0.996 0.9968 0.9974 0.9979 0.9984 0.9987 0.999 0.9992 0.9993 0.9995 0.9996 0.9997 0.9997 0.9998 0.9998 0.9999 0.9999 0.9999 0.9999 1.0 1.0 1.0 1.0 1.0 1.0 1.0 1.0 1.0 1.0 1.0 1.0 1.0 1.0 1.0 1.0 1.0 1.0 1.0 1.0 1.0 1.0 1.0 1.0 1.0 1.0 1.0 1.0 1.0 1.0 1.0 1.0 1.0 1.0 1.0 1.0 1.0 1.0 1.0 1.0 1.0 1.0
0.0 1.411105 2.351842 3.292579 4.233316 5.174053 6.11479 7.055527 7.996264 8.937001 9.877738 10.81847 11.75921 12.69995 13.64069 14.58142 15.52216 16.4629 17.40363 18.34437 19.28511 20.22584 21.16658 22.10732 23.04806 23.98879 24.92953 25.87027 26.811 27.75174 28.69248 29.63321 30.57395 31.51469 32.45542 33.39616 34.3369 35.27764 36.21837 37.15911 38.09985 39.04058 39.98132 40.92206 41.86279 42.80353 43.74427 44.685 45.62574 46.56648 47.50722 48.44795 49.38869 50.32943 51.27016 52.2109 53.15164 54.09237 55.03311 55.97385 56.91459 57.85532 58.79606 59.7368 60.67753 61.61827 62.55901 63.49974 64.44048 65.38122 66.32195 67.26269 68.20343 69.14417 70.0849 71.02564 71.96638 72.90711 73.84785 74.78859 75.72932 76.67006 77.6108 78.55153 79.49227 80.43301 81.37375 82.31448 83.25522 84.19596 85.13669 86.07743 87.01817 87.9589 88.89964 89.84038 90.78112 91.72185 92.66259 93.60333 94.54406 95.4848 96.42554 97.36627 98.30701 99.24775 100.1885 101.1292 102.07 103.0107 103.9514 104.8922 105.8329 106.7736 107.7144 108.6551 109.5959
0.038917230160418266 0.08544425063077031 0.13789732824394474 0.18891092160379416 0.24671985771171617 0.2980713600643546 0.3437906270886701 0.38391318171448313 0.41939945693500613 0.4509564587940719 0.4793854192495211 0.5051334534501534 0.5283402363284484 0.5491659087813121 0.5677772770502039 0.5844130467839436 0.5996054865044073 0.6135821481975152 0.6263219041595971 0.6379676612959588 0.6486618469907154 0.6584675950038581 0.6674589443663009 0.6757699701620564 0.6835258005687573 0.6908522207080681 0.6978147724954004 0.7044770893518263 0.7108717451518423 0.7170344718965082 0.722990899993476 0.728764259367317 0.7343739284283972 0.7398369848444082 0.7451678056196952 0.7503790923115621 0.7554819985829088 0.7604864936792937 0.7654034675269616 0.7702422659939229 0.7750102583618389 0.7797134328913413 0.784356198300259 0.7889419764518103 0.7934732685285267 0.7979515217253623 0.8023774601193153 0.806753287589779 0.8110829860807226 0.8153696811112681 0.8196156101272921 0.8238221877163078 0.8279897754372931 0.8321179139089471 0.8362051875847144 0.8402496217963309 0.8442488812755969 0.8482019782088595 0.8521082882595278 0.8559674489095818 0.8597794601590213 0.8635444207892117 0.8672627259256144 0.8709349346899377 0.8745619025479864 0.8781447487022199 0.8816838999264981 0.8851795211761105 0.8886316786249817 0.8920404374879936 0.895405797765146 0.8987276290266751 0.9020058641396144 0.905240263343368 0.9084300929705144 0.911575438375825 0.9146769277320602 0.9177356802416796 0.9207532063964343 0.9237313878374773 0.9266724389936681 0.9295788504980721 0.9324533959012574 0.9352991614016086 0.9381195458453264 0.9409154900529876 0.943688363537113 0.9464407422855404 0.9491748694984006 0.9518899165630755 0.9545818171398669 0.9572521335088141 0.9599023953425165 0.9625330744898257 0.965126935041057 0.967685461593817 0.9702101982063404 0.9727027819639731 0.9751351810169384 0.9774996395894953 0.9797971282325338 0.9820287172373523 0.9841701927018959 0.9861960690339117 0.9881062992403231 0.9899011604843784 0.9915714430820857 0.9930829878618913 0.9944347063106921 0.9956257055600305 0.9976773609512679 0.9991436686609683 0.9991444855397026 0.9991445785032291 0.9999858744565676 1.0 1.0
0.1031 0.1194 0.1263 0.119 0.1183 0.1251 0.1399 0.1579 0.1771 0.1981 0.2196 0.2433 0.2702 0.3003 0.3338 0.3701 0.4047 0.4383 0.4772 0.5187 0.5605 0.6023 0.6447 0.6847 0.7219 0.7546 0.7855 0.8125 0.8378 0.8601 0.88 0.8976 0.913 0.9263 0.9378 0.9477 0.9561 0.9632 0.9693 0.9743 0.9786 0.9821 0.9852 0.9877 0.9898 0.9916 0.9931 0.9944 0.9954 0.9963 0.997 0.9975 0.998 0.9984 0.9987 0.999 0.9992 0.9993 0.9995 0.9996 0.9997 0.9997 0.9998 0.9998 0.9999 0.9999 0.9999 0.9999 0.9999 1.0 1.0 1.0 1.0 1.0 1.0 1.0 1.0 1.0 1.0 1.0 1.0 1.0 1.0 1.0 1.0 1.0 1.0 1.0 1.0 1.0 1.0 1.0 1.0 1.0 1.0 1.0 1.0 1.0 1.0 1.0 1.0 1.0 1.0 1.0 1.0 1.0 1.0 1.0 1.0 1.0 1.0 1.0 1.0 1.0 1.0 1.0 1.0
0.0 1.411105 2.351842 3.292579 4.233316 5.174053 6.11479 7.055527 7.996264 8.937001 9.877738 10.81847 11.75921 12.69995 13.64069 14.58142 15.52216 16.4629 17.40363 18.34437 19.28511 20.22584 21.16658 22.10732 23.04806 23.98879 24.92953 25.87027 26.811 27.75174 28.69248 29.63321 30.57395 31.51469 32.45542 33.39616 34.3369 35.27764 36.21837 37.15911 38.09985 39.04058 39.98132 40.92206 41.86279 42.80353 43.74427 44.685 45.62574 46.56648 47.50722 48.44795 49.38869 50.32943 51.27016 52.2109 53.15164 54.09237 55.03311 55.97385 56.91459 57.85532 58.79606 59.7368 60.67753 61.61827 62.55901 63.49974 64.44048 65.38122 66.32195 67.26269 68.20343 69.14417 70.0849 71.02564 71.96638 72.90711 73.84785 74.78859 75.72932 76.67006 77.6108 78.55153 79.49227 80.43301 81.37375 82.31448 83.25522 84.19596 85.13669 86.07743 87.01817 87.9589 88.89964 89.84038 90.78112 91.72185 92.66259 93.60333 94.54406 95.4848 96.42554 97.36627 98.30701 99.24775 100.1885 101.1292 102.07 103.0107 103.9514 104.8922 105.8329 106.7736 107.7144 108.6551 109.5959 110.5366 111.4773 112.4181 113.3588 114.2995 115.2403 116.181 117.1217 118.0625
0.03694351669714079 0.08150966410799775 0.13196080661730872 0.18023715482025934 0.23743440699880786 0.2881783491574484 0.33358107383863295 0.3736746587002789 0.4092095082363372 0.44098131699122944 0.46964498465182153 0.4956919183259167 0.5192298291934155 0.5404112873333731 0.5593646417020204 0.5763209894047839 0.5917875655933375 0.6060326709411161 0.6190335406586303 0.6308581625178575 0.6416815264662901 0.6515425415149203 0.6605353088337707 0.6687988986751324 0.6764739257711224 0.683683392801652 0.6904998558264218 0.6969840774794657 0.7031815336853771 0.709125972094838 0.7148480878072121 0.7203719400240514 0.725719575907433 0.7309097083825894 0.7359587853931724 0.7408812744611222 0.7456898820947809 0.7503960558406481 0.7550118727261445 0.7595477110425053 0.7640119054237279 0.768411280516089 0.7727508683345043 0.7770347255338014 0.7812658404716577 0.7854462577634256 0.7895771405595444 0.7936610364852353 0.7977021286663786 0.8017035300154761 0.8056674738963454 0.8095954386789438 0.8134882109748944 0.8173459469567853 0.821168049719572 0.8249534183902275 0.8287005123213824 0.8324088591628169 0.8360784272967678 0.8397095003249899 0.8433025812573518 0.846858299574775 0.8503773154178301 0.8538603205448511 0.8573081638448735 0.8607219145731614 0.8641022338283992 0.8674493726364646 0.8707634574684101 0.874044518983885 0.8772924326280646 0.8805069138410802 0.8836875228485893 0.8868337259810742 0.8899449962758151 0.8930203976553992 0.8960590275764045 0.8990603255421205 0.902024163165266 0.9049507885973765 0.9078407393404262 0.9106950041680997 0.9135149589321524 0.9163017619924537 0.9190574800009786 0.92178449003865 0.9244851164901186 0.9271614940334559 0.929815580095637 0.9324491069468389 0.9350635749936413 0.9376602134963521 0.9402400169773406 0.9428037768388002 0.9453517268605556 0.9478823637616849 0.9503969235092938 0.9528966257825502 0.9553825810356215 0.9578486879983279 0.9602954372250557 0.9627241528294023 0.965136316055667 0.9675217871830094 0.9698753617359872 0.9721983034670136 0.9744919614006509 0.9767448381684698 0.9789355026757186 0.98106473195288 0.9831333720146479 0.9851382246763706 0.9870371233393344 0.9888299185377496 0.9905167856064846 0.992097975571417 0.9935412526858134 0.9948383139334399 0.9959882845561817 0.9975696728507195 0.9992658115889786 0.9992670656452778 0.99926729599218 0.999976122169435 1.0 1.0
0.0989 0.1134 0.1188 0.1143 0.1089 0.1147 0.1278 0.1434 0.1607 0.1788 0.198 0.2187 0.2423 0.2688 0.2986 0.331 0.3626 0.3926 0.4271 0.467 0.5066 0.5483 0.5908 0.6318 0.6699 0.7047 0.7378 0.7682 0.796 0.8215 0.8444 0.8652 0.8837 0.9 0.9144 0.9269 0.9377 0.9471 0.9551 0.9619 0.9678 0.9727 0.977 0.9807 0.9838 0.9864 0.9887 0.9906 0.9922 0.9936 0.9947 0.9956 0.9964 0.997 0.9976 0.998 0.9984 0.9987 0.9989 0.9991 0.9993 0.9994 0.9995 0.9996 0.9997 0.9998 0.9998 0.9998 0.9999 0.9999 0.9999 0.9999 1.0 1.0 1.0 1.0 1.0 1.0 1.0 1.0 1.0 1.0 1.0 1.0 1.0 1.0 1.0 1.0 1.0 1.0 1.0 1.0 1.0 1.0 1.0 1.0 1.0 1.0 1.0 1.0 1.0 1.0 1.0 1.0 1.0 1.0 1.0 1.0 1.0 1.0 1.0 1.0 1.0 1.0 1.0 1.0 1.0 1.0 1.0 1.0 1.0 1.0 1.0 1.0 1.0 1.0
